9 -0.000275 -0.003393 0.002226 -0.004336 -0.000797 -0.001689 0.003553 -0.003240 0.009232 -0.002190 -0.001198 -0.002104 0.001133 -0.000071 0.003758 0.002549 -0.004161 0.004663 0.002209 -0.001632 0.000895 -0.006639 -0.000537 -0.002360 0.004402
9 -0.010241 -0.002147 0.003060 -0.017990 -0.006630 -0.006935 0.014949 -0.013014 0.025791 -0.009118 0.002912 0.002025 0.004369 -0.002715 0.014222 0.018313 -0.020292 0.009801 0.004954 0.002438 0.004049 -0.019597 -0.005784 -0.011916 0.019494
9 -0.001390 -0.002726 0.002876 -0.019602 -0.002137 -0.012090 0.013647 -0.016241 0.025838 -0.003683 -0.001587 -0.001956 -0.001368 0.002459 0.010306 0.011331 -0.018826 0.009706 0.002838 -0.001848 0.005828 -0.014508 0.000280 -0.002478 0.015331
9 -0.001133 -0.004568 0.004519 -0.013457 -0.002001 -0.007160 0.008333 -0.010782 0.021656 -0.003965 -0.002724 -0.003094 0.001602 0.001412 0.008674 0.006070 -0.012484 0.010079 0.003078 -0.003096 0.003960 -0.012722 -0.000349 -0.004562 0.012714
9 0.009686 -0.007794 0.003887 -0.011214 0.002234 -0.014244 0.005448 -0.009618 0.012668 0.001375 -0.003892 -0.001580 -0.002358 0.003317 0.004470 -0.005639 -0.007134 0.009706 0.004003 -0.004183 0.004177 -0.002810 0.003652 0.003633 0.002208
9 -0.011995 -0.000102 0.003766 -0.016154 -0.006946 -0.000266 0.015260 -0.011462 0.026731 -0.011521 0.000347 -0.002218 0.001578 -0.001493 0.015685 0.021725 -0.017977 0.010345 0.006530 -0.000989 0.001565 -0.019544 -0.006848 -0.010532 0.014513
9 0.008020 -0.012479 0.005522 -0.009266 0.000411 -0.009238 0.004990 -0.007894 0.017128 0.000075 -0.003128 -0.003573 0.002648 0.001812 0.003122 -0.004162 -0.005973 0.009048 0.003061 -0.004629 0.004121 -0.011474 0.003265 -0.001147 0.009740
9 0.001512 -0.006285 0.003343 -0.004645 -0.000310 -0.002817 0.002506 -0.004624 0.015175 -0.000496 -0.004357 -0.004601 0.001115 0.001127 0.003293 0.000195 -0.004295 0.007347 0.002193 -0.002985 0.001857 -0.007985 0.000026 -0.003343 0.007056
9 0.006279 -0.008488 0.005041 -0.007033 0.000088 -0.004516 0.002409 -0.005398 0.012460 0.000837 -0.004375 -0.002244 0.002851 0.001363 0.001220 -0.002564 -0.003634 0.005286 0.001894 -0.005696 0.002831 -0.008539 0.002356 -0.001219 0.008793
9 -0.013255 0.000710 0.002023 -0.014410 -0.006417 -0.002973 0.013454 -0.010474 0.025486 -0.011186 0.002088 -0.002425 0.005846 -0.001641 0.013245 0.017405 -0.016852 0.010176 0.006920 0.002938 0.002367 -0.020276 -0.006492 -0.013149 0.016892
9 0.007722 -0.006317 0.002116 -0.008889 0.001982 -0.010921 0.004296 -0.008033 0.011424 0.001208 -0.002321 -0.003596 -0.001695 0.003889 0.001245 -0.005923 -0.004943 0.007043 0.001317 -0.003193 0.004712 -0.004186 0.005329 0.004589 0.003145
9 -0.001205 -0.004836 0.003248 -0.007132 -0.002064 -0.004268 0.005181 -0.007271 0.020424 -0.002902 -0.002640 -0.005354 0.001269 0.000390 0.005278 0.001835 -0.006588 0.008447 0.004157 -0.002097 0.003675 -0.011519 -0.000452 -0.005992 0.010416
9 0.004939 -0.004976 0.001789 -0.001470 0.001756 -0.004605 0.000102 -0.002841 0.008907 0.001507 -0.002072 -0.005526 -0.000168 0.001424 -0.000890 -0.006495 -0.000021 0.004322 0.001201 -0.002936 0.003190 -0.005192 0.003741 0.001196 0.003119
9 -0.000774 -0.006263 0.004839 -0.007928 -0.003526 -0.003697 0.003660 -0.004911 0.013451 -0.003047 -0.002488 0.001837 0.005230 -0.001001 0.005165 0.001650 -0.006028 0.007156 0.002466 -0.001664 0.002285 -0.007416 -0.002280 -0.007040 0.010325
9 0.009663 -0.015573 0.008295 -0.005055 0.000732 -0.004526 0.001985 -0.003196 0.017266 0.000803 -0.008062 -0.005094 0.003961 0.001205 0.002454 -0.005053 -0.002173 0.010800 0.003131 -0.008688 0.001632 -0.011511 0.001334 -0.000653 0.006324
9 -0.006252 -0.002646 0.003612 -0.008135 -0.005997 0.000496 0.007629 -0.007477 0.021318 -0.007008 -0.000841 -0.004849 0.004532 0.001568 0.006248 0.008738 -0.008130 0.007555 0.004846 -0.001645 0.002349 -0.016058 -0.004000 -0.008209 0.012356
9 -0.001266 -0.003234 0.001256 -0.004759 -0.000528 -0.002372 0.003866 -0.005002 0.014004 -0.001977 -0.001558 -0.004898 -0.000908 0.000735 0.004383 0.002683 -0.004972 0.006076 0.002993 -0.000490 0.001810 -0.007803 -0.000230 -0.003876 0.006067
9 -0.002646 -0.001284 0.001566 -0.016101 -0.000676 -0.011898 0.011472 -0.012423 0.018445 -0.003451 0.000603 0.000781 0.002687 -0.001270 0.009280 0.009215 -0.016704 0.006908 0.004002 0.001044 0.004244 -0.013112 -0.000184 -0.005782 0.015284
9 -0.010139 0.000370 -0.000021 0.000094 -0.004439 0.004876 0.003284 -0.001730 0.017959 -0.005627 0.000473 -0.007339 0.001324 -0.001559 0.004272 0.007158 -0.003281 0.005482 0.003194 0.001729 0.001748 -0.012823 -0.004039 -0.009273 0.008307
9 -0.003929 -0.000612 0.002639 -0.012962 -0.003220 -0.004236 0.009635 -0.009846 0.018306 -0.006153 -0.001300 -0.003085 0.002427 0.002341 0.007590 0.008545 -0.011591 0.008304 0.004209 -0.002412 0.002862 -0.012354 -0.001243 -0.003139 0.009221
9 -0.005122 -0.000299 0.002399 -0.012381 -0.001488 -0.004770 0.007877 -0.010751 0.020313 -0.003115 -0.001979 -0.003828 0.000780 0.002202 0.007975 0.011214 -0.014624 0.006907 -0.001363 -0.001057 0.003310 -0.012712 -0.000531 -0.004125 0.015167
9 0.000517 0.001126 0.000817 -0.006719 0.000957 -0.006089 0.003438 -0.006036 0.006965 0.000383 -0.002260 -0.000397 -0.000860 0.001289 0.003044 0.001846 -0.006564 0.002868 -0.000108 -0.001146 0.001973 -0.001273 0.001200 0.000518 0.004511
1 0.020849 -0.012521 0.001939 -0.014566 0.010247 -0.028777 0.001684 -0.013129 0.011923 0.009678 -0.007024 -0.002754 -0.002712 0.005916 -0.001453 -0.023152 -0.006496 0.011951 0.000143 -0.002991 0.009024 0.004118 0.014256 0.009876 0.003967
9 -0.000703 -0.004770 0.004186 -0.006888 -0.003985 -0.003255 0.006464 -0.006502 0.017540 -0.004528 -0.001635 -0.003709 0.004133 0.001106 0.004395 0.002734 -0.005802 0.007657 0.005744 -0.003302 0.002684 -0.012830 -0.002167 -0.004634 0.008067
9 -0.014782 0.004159 0.003961 -0.015803 -0.007641 -0.001586 0.012382 -0.013619 0.035574 -0.010197 -0.003531 -0.005543 -0.001823 -0.001159 0.015935 0.018480 -0.017567 0.012608 0.005553 -0.001776 0.005041 -0.016808 -0.006642 -0.013054 0.017839
9 0.007127 -0.011151 -0.000542 -0.005003 0.003714 -0.011855 0.002465 -0.004962 0.010275 0.002640 -0.000165 -0.003240 0.001757 0.000870 -0.000409 -0.009263 -0.003092 0.007209 0.002221 0.003035 0.003780 -0.005537 0.005371 -0.001138 0.005893
9 0.000423 -0.000854 0.002803 -0.008944 -0.000306 -0.006639 0.005455 -0.008942 0.014271 -0.000775 -0.001794 -0.003135 0.000254 0.002198 0.004700 0.004090 -0.009804 0.005333 0.000785 -0.003201 0.003502 -0.008948 0.000821 -0.000612 0.009320
9 0.003190 -0.008405 0.004803 -0.016188 -0.000072 -0.013913 0.010813 -0.013565 0.027765 -0.004522 -0.003764 -0.007184 -0.001965 0.003306 0.010903 0.000717 -0.013081 0.016733 0.006857 -0.003550 0.005638 -0.013019 0.001875 -0.001504 0.008132
9 0.004015 -0.009937 0.002830 -0.005071 -0.000448 -0.004497 0.005095 -0.006356 0.020722 -0.000885 -0.003358 -0.008449 -0.001221 0.002208 0.002492 -0.001760 -0.003633 0.009331 0.004135 -0.003442 0.003616 -0.012002 0.001945 -0.001267 0.005937
9 -0.009061 0.002227 0.002772 -0.009860 -0.004781 0.002054 0.008442 -0.006101 0.019090 -0.006120 -0.001686 -0.001456 0.003284 -0.002626 0.007894 0.015821 -0.011292 0.003875 0.003771 -0.002262 0.001726 -0.016216 -0.005017 -0.008689 0.014212
9 0.002458 -0.006516 0.004154 -0.012680 -0.000402 -0.010270 0.008012 -0.010996 0.023399 -0.002398 -0.003967 -0.005222 -0.002762 0.002035 0.008412 0.001446 -0.010724 0.012628 0.004026 -0.003840 0.005111 -0.009907 0.001426 -0.001176 0.007754
9 0.005332 -0.011025 0.004164 -0.005799 0.000429 -0.002375 0.004116 -0.003875 0.013089 -0.001563 -0.004424 -0.004082 -0.001891 0.000998 0.004673 -0.001445 -0.002358 0.008967 0.003156 -0.004538 0.000809 -0.005352 0.001808 -0.000092 0.001277
9 -0.001483 -0.003088 0.001338 -0.006591 -0.001772 -0.003409 0.005753 -0.006637 0.012218 -0.002462 0.001072 -0.002067 0.001489 0.000605 0.004330 0.005202 -0.007253 0.003867 0.003043 0.000458 0.001874 -0.009994 -0.000908 -0.004833 0.009249
9 0.002126 -0.004071 0.004468 -0.012256 -0.002745 -0.004743 0.007436 -0.011332 0.022895 -0.003677 -0.004994 -0.006755 -0.002008 0.004388 0.005402 0.001460 -0.006733 0.009274 0.006116 -0.006463 0.004701 -0.010189 0.001420 -0.001780 0.008063
1 0.011578 -0.006826 0.003696 -0.007592 0.003672 -0.010443 0.001099 -0.008371 0.010829 0.003816 -0.004710 -0.006148 -0.002457 0.006230 -0.000460 -0.009007 -0.002849 0.006194 0.001514 -0.006155 0.004443 -0.003834 0.006522 0.005421 0.003839
9 -0.000761 -0.004632 0.004359 -0.016434 -0.001149 -0.009897 0.011156 -0.014819 0.029924 -0.004341 -0.003886 -0.007998 -0.000897 0.003457 0.010467 0.007338 -0.015634 0.013223 0.005103 -0.003951 0.005375 -0.017077 0.000642 -0.003982 0.014412
9 -0.019853 0.000136 0.002525 -0.009758 -0.009685 0.007655 0.013244 -0.007157 0.029649 -0.014989 0.002256 -0.004408 0.001692 -0.005422 0.017797 0.024260 -0.014032 0.010698 0.009333 0.003229 -0.000257 -0.021325 -0.011102 -0.020313 0.015826
9 -0.001479 -0.005666 0.004777 -0.015057 -0.002855 -0.008429 0.009778 -0.012305 0.024405 -0.004337 -0.002024 -0.002620 0.002323 0.001195 0.009314 0.007118 -0.014390 0.010825 0.003172 -0.002692 0.004854 -0.015012 -0.000601 -0.005544 0.015252
9 0.000937 -0.007677 0.004857 -0.011483 -0.002677 -0.006525 0.007750 -0.009625 0.021150 -0.004327 -0.002777 -0.003607 0.000462 0.001893 0.008014 0.002523 -0.008970 0.011433 0.004744 -0.003247 0.003572 -0.010619 -0.000401 -0.004057 0.008656
7 0.000218 -0.001910 0.001064 -0.004856 -0.000699 -0.003042 0.003579 -0.002602 0.003416 -0.001372 -0.000040 0.002630 0.000316 -0.001644 0.003245 0.002013 -0.003792 0.002198 0.001422 -0.000299 0.000793 -0.001262 -0.000245 -0.001199 0.002067
9 0.004901 -0.010448 0.005348 -0.008318 -0.000744 -0.006670 0.004909 -0.007496 0.020834 -0.001325 -0.003714 -0.006006 0.001667 0.001671 0.003802 -0.002661 -0.005753 0.010292 0.003191 -0.005292 0.004695 -0.012956 0.002400 -0.001811 0.009486
9 -0.009527 -0.000533 0.003834 -0.015017 -0.007437 -0.003078 0.011532 -0.010221 0.019696 -0.008013 0.001215 0.003829 0.005697 -0.001418 0.011336 0.017170 -0.016576 0.007088 0.003457 0.000626 0.002399 -0.015352 -0.006920 -0.010425 0.016636
9 -0.000249 -0.005513 0.002173 -0.004537 0.000437 -0.000156 0.002490 -0.002395 0.012343 -0.001092 -0.003452 -0.003022 0.002659 -0.002050 0.003226 0.002223 -0.003605 0.004672 0.003298 -0.001759 0.000767 -0.009155 0.000149 -0.006257 0.008807
1 0.011071 -0.014447 0.006016 -0.003418 0.000718 -0.007830 -0.000809 -0.002061 0.007952 0.001856 -0.004139 -0.000794 0.004294 0.001404 -0.001353 -0.013743 0.001651 0.008490 -0.000215 -0.005265 0.003577 -0.002495 0.004681 0.002375 0.002484
9 0.002703 -0.005911 0.002470 -0.002577 0.000157 -0.001385 0.001569 -0.002282 0.009597 0.000066 -0.002908 -0.003465 0.000038 0.000593 0.001225 -0.001165 -0.001594 0.004697 0.000641 -0.003091 0.001535 -0.005440 0.001346 -0.000228 0.003408
9 0.004893 -0.006343 0.003606 -0.010765 0.000971 -0.009493 0.005015 -0.009450 0.017060 -0.000084 -0.003864 -0.004415 -0.000302 0.003317 0.004072 -0.002064 -0.007830 0.008867 0.001899 -0.003827 0.004531 -0.007870 0.003464 0.000325 0.008289
9 0.004164 -0.009296 0.005848 -0.009291 -0.001242 -0.005396 0.005404 -0.007356 0.017869 -0.003328 -0.004834 -0.004495 -0.000291 0.002782 0.007139 -0.000969 -0.005625 0.012269 0.005395 -0.005401 0.002157 -0.007623 0.000115 -0.001720 0.003724
9 0.004876 -0.011442 0.006211 -0.015187 -0.000405 -0.011815 0.008934 -0.012780 0.027333 -0.002897 -0.005232 -0.006266 0.000950 0.003299 0.008471 -0.000630 -0.011658 0.015215 0.004699 -0.005064 0.005394 -0.013781 0.002519 -0.002515 0.011771
9 -0.000718 -0.005909 0.004822 -0.015023 -0.001950 -0.008402 0.009485 -0.013303 0.029145 -0.003482 -0.005270 -0.006090 -0.001561 0.002558 0.009825 0.006141 -0.013783 0.013017 0.003145 -0.004111 0.005271 -0.013394 0.000250 -0.004294 0.013633
9 -0.002384 -0.004123 0.005231 -0.014477 -0.003314 -0.007393 0.010449 -0.012313 0.026482 -0.006353 -0.002983 -0.005692 0.000341 0.002578 0.010853 0.007370 -0.013406 0.012980 0.005189 -0.003902 0.004318 -0.014843 -0.001498 -0.004472 0.011361
9 -0.013832 0.001461 0.004488 -0.014324 -0.008185 -0.001132 0.012192 -0.012295 0.029565 -0.011621 0.000995 -0.004027 0.003767 -0.000826 0.014745 0.017173 -0.016739 0.011240 0.006033 -0.000255 0.003737 -0.020133 -0.006784 -0.014014 0.018773
9 -0.001682 0.000254 0.001393 -0.010948 -0.001165 -0.008716 0.006981 -0.011101 0.019105 -0.003017 -0.000766 -0.005484 -0.000607 0.003202 0.005767 0.002525 -0.010102 0.007975 0.003608 -0.000807 0.005156 -0.009872 0.001151 -0.002643 0.009795
9 0.001033 -0.007025 0.004408 -0.015337 -0.001489 -0.010702 0.010573 -0.012647 0.024000 -0.004011 -0.002620 -0.003518 0.000600 0.001887 0.009386 0.004636 -0.013575 0.012115 0.004331 -0.002758 0.004653 -0.013029 0.000669 -0.003278 0.011696
9 -0.003632 -0.001044 0.001542 -0.010768 -0.001786 -0.005020 0.007569 -0.009230 0.018615 -0.003218 -0.000383 -0.003040 0.000039 -0.000003 0.006693 0.007625 -0.011027 0.005885 0.002453 -0.000501 0.003989 -0.012022 -0.000181 -0.005222 0.012668
9 -0.000476 -0.003729 0.004656 -0.018674 -0.001909 -0.012212 0.011352 -0.016739 0.030710 -0.004344 -0.003603 -0.006797 -0.001838 0.004382 0.010872 0.006142 -0.016770 0.014047 0.004281 -0.004122 0.007044 -0.015269 0.001210 -0.002936 0.014721
9 0.004308 -0.011934 0.004317 -0.009915 0.000172 -0.009928 0.006324 -0.008416 0.019750 -0.002238 -0.001997 -0.004493 0.002181 0.001294 0.006277 -0.002518 -0.007768 0.011909 0.004273 -0.001269 0.003710 -0.011596 0.001982 -0.004143 0.009718
9 0.001435 -0.006850 0.003884 -0.012394 -0.000851 -0.008338 0.007548 -0.010367 0.020838 -0.002683 -0.002956 -0.003784 0.000257 0.001780 0.007210 0.002283 -0.010297 0.010264 0.002990 -0.002582 0.004207 -0.010554 0.001441 -0.003286 0.010805
9 0.001346 -0.001312 0.002974 -0.007921 -0.000093 -0.004965 0.002221 -0.009048 0.020653 0.000719 -0.004154 -0.007738 -0.003867 0.002647 0.002851 -0.000688 -0.006033 0.006196 0.000542 -0.005164 0.006542 -0.009045 0.003474 -0.001303 0.011166
9 -0.003698 0.000393 0.003458 -0.011578 -0.002801 -0.005347 0.009030 -0.011268 0.022116 -0.005823 -0.000862 -0.006821 -0.003269 0.002814 0.009157 0.007114 -0.011398 0.009292 0.001929 -0.003745 0.004920 -0.011560 0.000405 -0.000979 0.008523
9 0.001708 -0.005896 0.005265 -0.015913 -0.001035 -0.012363 0.008398 -0.013541 0.026765 -0.002042 -0.005156 -0.004686 -0.000357 0.003579 0.008384 0.002486 -0.014204 0.013413 0.001077 -0.004447 0.006595 -0.011737 0.001763 -0.001103 0.013048
9 0.005850 -0.000071 0.003792 -0.011188 0.002423 -0.010537 0.004694 -0.011040 0.016403 0.001331 -0.008013 -0.006082 -0.006489 0.005778 0.005160 -0.001626 -0.008294 0.009300 0.001113 -0.007756 0.004413 -0.000846 0.003785 0.006540 0.001362
9 0.002954 -0.004718 0.002142 -0.011451 0.001821 -0.009608 0.007090 -0.007280 0.011850 -0.000761 -0.002760 0.000224 0.000051 -0.000338 0.006531 0.003114 -0.010087 0.007543 0.003405 -0.001596 0.002089 -0.006330 0.001081 -0.000510 0.005544
9 -0.008800 0.000453 0.002277 -0.007487 -0.005080 0.000072 0.007103 -0.005975 0.016929 -0.007078 0.000186 -0.001443 0.000391 -0.001653 0.009436 0.010185 -0.008869 0.007134 0.003201 0.000486 0.001780 -0.009024 -0.004545 -0.008161 0.008482
9 -0.006507 -0.000886 0.001748 -0.007902 -0.001388 0.001051 0.007193 -0.008039 0.020955 -0.005538 -0.002109 -0.008208 -0.002459 0.000707 0.009403 0.010201 -0.009250 0.007673 0.003584 -0.001240 0.001158 -0.011960 -0.001133 -0.007195 0.010141
1 0.016506 -0.008652 0.003048 -0.003335 0.005652 -0.012420 -0.001764 -0.007079 0.011153 0.007150 -0.008468 -0.009337 -0.006194 0.007638 -0.004295 -0.018488 0.002862 0.007984 0.001045 -0.008082 0.005508 0.002998 0.009560 0.010482 -0.003475
1 0.021824 -0.015221 0.004082 -0.003781 0.006717 -0.015063 -0.001351 -0.005196 0.010334 0.008848 -0.008708 -0.007040 -0.002857 0.005284 -0.006711 -0.022249 0.004372 0.007895 0.002362 -0.008885 0.005948 -0.000140 0.011007 0.011005 -0.002478
9 0.009378 -0.006512 0.002743 -0.005663 0.003481 -0.009410 0.001612 -0.007194 0.013299 0.002805 -0.004881 -0.007442 -0.004878 0.003994 0.000796 -0.009088 -0.001604 0.007311 0.002192 -0.005158 0.004570 -0.002598 0.006236 0.004233 0.001780
9 0.003539 -0.010038 0.004597 -0.014527 0.000672 -0.010013 0.009057 -0.011707 0.025151 -0.002160 -0.004494 -0.005535 0.000346 0.001478 0.008409 0.002524 -0.012217 0.012629 0.004685 -0.003866 0.004386 -0.014236 0.002374 -0.003620 0.012565
9 -0.004480 0.001087 0.001670 -0.011831 -0.002270 -0.004360 0.007923 -0.007857 0.013851 -0.003149 -0.000375 0.001949 0.002551 -0.002514 0.006171 0.009944 -0.011564 0.002442 0.001657 -0.000706 0.003250 -0.010467 -0.001005 -0.005687 0.013771
9 0.004526 -0.005755 0.003113 -0.007487 0.000670 -0.006326 0.003600 -0.006132 0.011741 -0.000465 -0.003565 -0.003216 0.000732 0.002587 0.002910 -0.002182 -0.004510 0.007029 0.003352 -0.003289 0.002283 -0.005762 0.001820 -0.000251 0.004578
9 -0.000326 -0.003077 0.002566 -0.007644 -0.000853 -0.004280 0.005408 -0.006445 0.014876 -0.002884 -0.002157 -0.004059 0.000240 0.001155 0.005241 0.002633 -0.006583 0.007165 0.003372 -0.002291 0.002454 -0.008561 0.000177 -0.002448 0.006322
9 0.005713 -0.013568 0.004594 -0.003569 -0.001630 -0.001198 0.004140 -0.002201 0.009246 -0.002865 -0.002138 -0.001767 0.004048 0.000594 0.002044 -0.003335 0.000620 0.006540 0.004722 -0.002773 -0.000531 -0.006974 0.000509 -0.003051 0.002832
9 -0.000957 -0.003279 0.003065 -0.007361 -0.001566 -0.003828 0.005232 -0.005565 0.013454 -0.002401 -0.001749 -0.001553 0.001850 0.000028 0.005109 0.004739 -0.007615 0.005935 0.001898 -0.002061 0.002108 -0.009242 -0.001156 -0.003047 0.007963
9 0.004069 -0.006696 0.002665 -0.005532 0.000565 -0.005793 0.002376 -0.004243 0.008506 0.000214 -0.002038 -0.001046 0.001307 0.001082 0.002052 -0.002794 -0.003647 0.005592 0.000713 -0.001708 0.002166 -0.004083 0.001961 -0.000370 0.004684
9 -0.008834 -0.002568 0.004498 -0.013224 -0.005982 0.003266 0.010998 -0.010020 0.025916 -0.010066 -0.004031 -0.005810 -0.002555 0.002590 0.013893 0.015802 -0.012269 0.012668 0.004521 -0.003501 0.000511 -0.012007 -0.004879 -0.007013 0.008096
9 0.006924 -0.008723 0.004439 -0.009187 0.000026 -0.007905 0.005104 -0.008183 0.013897 -0.000888 -0.003281 -0.004434 0.002407 0.005312 0.002481 -0.002817 -0.005732 0.008809 0.003544 -0.004610 0.002707 -0.009102 0.002278 0.001608 0.005325
9 0.003864 -0.004646 0.003525 -0.003866 -0.001948 -0.004682 0.003052 -0.007164 0.019623 -0.000024 -0.004470 -0.008682 -0.000416 0.004486 -0.000220 -0.004020 -0.002332 0.007740 0.003414 -0.006056 0.005072 -0.009944 0.001483 0.001113 0.005097
9 0.001206 -0.005250 0.001373 -0.006746 -0.000739 -0.008379 0.003941 -0.005127 0.006985 -0.002040 0.001525 0.001429 0.005336 0.000388 0.003335 -0.001870 -0.005433 0.005649 0.004364 0.002918 0.001704 -0.005722 -0.000506 -0.005257 0.006915
9 -0.003668 -0.002566 0.002203 -0.008797 -0.001991 -0.003670 0.007420 -0.007821 0.017361 -0.004400 0.001039 -0.003508 0.001260 -0.001100 0.007200 0.007022 -0.009588 0.005836 0.003561 -0.000388 0.003090 -0.013497 -0.000590 -0.006602 0.012196
25 -0.004476 -0.002395 0.004346 -0.012020 -0.004381 -0.002799 0.007481 -0.006712 0.011718 -0.004400 0.000677 0.004955 0.005399 -0.001720 0.007711 0.012239 -0.012792 0.003918 -0.000477 -0.001167 0.001904 -0.011630 -0.003623 -0.005881 0.014124
9 -0.000441 0.001472 0.002487 -0.007180 -0.001635 -0.007672 0.003317 -0.010007 0.019388 -0.001431 -0.001660 -0.008661 -0.000767 0.005832 0.002386 -0.001362 -0.006970 0.007505 0.001151 -0.003141 0.006491 -0.010044 0.001717 0.000236 0.008989
9 -0.000968 -0.002214 0.003163 -0.009698 -0.002497 -0.003679 0.007061 -0.008134 0.012452 -0.004085 0.000142 -0.001671 0.001004 0.002278 0.006067 0.006187 -0.008783 0.005437 0.002302 -0.002386 0.002097 -0.009212 -0.000606 -0.001837 0.007581
9 0.008715 -0.010492 0.003421 -0.008710 0.002165 -0.008315 0.006018 -0.006586 0.012669 0.000413 -0.002924 -0.004470 -0.001750 0.003450 0.002886 -0.001561 -0.005618 0.007938 0.002096 -0.004329 0.002455 -0.008467 0.003828 0.004659 0.002508
9 0.006633 -0.009200 0.002838 -0.010144 0.000592 -0.009402 0.006377 -0.008748 0.015493 -0.000119 -0.002440 -0.003652 -0.001399 0.003287 0.002799 -0.002689 -0.006362 0.008139 0.001436 -0.003074 0.004382 -0.007242 0.004315 0.002560 0.005620
9 0.010566 -0.005838 0.005812 -0.014201 0.001994 -0.016698 0.004200 -0.012325 0.012496 0.002261 -0.003382 -0.001540 -0.000055 0.006864 0.003069 -0.006369 -0.010125 0.008976 -0.001530 -0.006271 0.006585 -0.004639 0.005742 0.007177 0.007231
16 -0.016723 0.006835 0.003747 -0.019182 -0.006835 -0.001824 0.013611 -0.012272 0.022532 -0.012247 0.000461 0.001375 0.002103 -0.000334 0.018756 0.025025 -0.022625 0.010739 0.001879 0.000676 0.001457 -0.014313 -0.008232 -0.010049 0.015438
9 -0.002008 -0.002359 0.001118 -0.003459 -0.000378 -0.002926 0.002830 -0.003886 0.012658 -0.002700 0.000619 -0.005068 0.001696 -0.001077 0.003390 -0.000261 -0.003494 0.004883 0.003595 0.000370 0.002834 -0.009644 0.000832 -0.005770 0.008207
9 0.003086 -0.007492 0.005920 -0.011272 -0.001671 -0.007534 0.006492 -0.010190 0.018108 -0.003339 -0.003481 -0.004594 0.001218 0.005763 0.006979 0.001252 -0.009518 0.011863 0.001470 -0.004738 0.002897 -0.009076 0.000542 0.000477 0.006841
9 0.000169 -0.001525 0.003439 -0.012174 -0.001348 -0.009519 0.008648 -0.011949 0.024225 -0.002429 -0.003485 -0.006705 -0.002265 0.003403 0.007044 0.004788 -0.012084 0.010309 0.003615 -0.004413 0.005623 -0.012733 0.000308 -0.000039 0.009098
9 -0.006454 -0.004257 0.004257 -0.004401 -0.005441 0.001015 0.006079 -0.002639 0.016701 -0.007513 0.000307 -0.001826 0.003190 -0.003397 0.008651 0.007197 -0.005798 0.008565 0.005116 -0.000974 0.001189 -0.012358 -0.005405 -0.008789 0.006985
9 -0.005256 -0.001683 0.002769 -0.007954 -0.003300 -0.003059 0.006591 -0.008429 0.022272 -0.005871 -0.000097 -0.007424 0.004435 0.001229 0.006865 0.005890 -0.008844 0.008630 0.007808 -0.000476 0.003077 -0.017966 -0.002909 -0.010065 0.013766
9 0.005206 -0.008376 0.003617 -0.005823 0.000779 -0.008321 0.003405 -0.005560 0.010220 -0.000734 -0.000721 -0.002885 0.002316 0.002100 0.003059 -0.004195 -0.004517 0.007428 0.001796 -0.001534 0.002468 -0.006910 0.002241 -0.000381 0.005322
9 -0.001200 0.000232 0.003199 -0.010799 -0.002470 -0.006100 0.006212 -0.008435 0.010944 -0.002435 -0.000529 0.001489 0.002271 0.001426 0.005144 0.005849 -0.010362 0.004162 0.000077 -0.002485 0.003306 -0.007179 -0.000603 -0.001101 0.009389
25 -0.001040 -0.000942 0.001534 -0.003544 -0.001397 -0.000808 0.001741 -0.002486 0.004207 -0.001886 0.000323 0.000193 0.002344 0.000063 0.001754 0.000955 -0.002722 0.001888 0.000222 -0.000925 0.001287 -0.003544 0.000189 -0.001881 0.004477
9 0.004755 -0.005732 0.001469 -0.001186 0.001400 -0.005016 0.000640 -0.002240 0.007660 0.000684 -0.002818 -0.003856 -0.001997 0.000963 0.000956 -0.006993 0.000855 0.006148 0.002664 -0.001691 0.001877 -0.000235 0.002335 0.000850 -0.001492
9 0.004271 -0.004519 0.004269 -0.011788 0.000215 -0.010730 0.005497 -0.011808 0.021618 0.000125 -0.004996 -0.006028 -0.003134 0.004626 0.005415 -0.001072 -0.009728 0.010635 0.001323 -0.005320 0.006041 -0.007818 0.002982 0.001560 0.008364
9 0.001520 -0.005969 0.004501 -0.010350 -0.001539 -0.006195 0.006181 -0.004890 0.007201 -0.003830 -0.000384 0.003655 0.005223 -0.000682 0.006058 0.002669 -0.007938 0.006459 0.001814 -0.002050 0.001269 -0.006669 -0.000455 -0.001709 0.006110
9 -0.006501 -0.002845 0.002349 -0.017975 -0.004943 -0.007005 0.013196 -0.012664 0.024676 -0.007785 0.000678 -0.000808 0.006745 0.000200 0.009578 0.012639 -0.016388 0.009085 0.007363 0.001218 0.004038 -0.020010 -0.003133 -0.010517 0.018809
1 0.025342 -0.011357 0.003240 -0.008850 0.009208 -0.022111 -0.000004 -0.010007 0.009890 0.010382 -0.009554 -0.007697 -0.007697 0.008666 -0.006185 -0.025476 0.001713 0.009043 0.001811 -0.010343 0.008399 0.005035 0.014842 0.017635 -0.005924
9 -0.005045 0.001288 0.000191 -0.014452 -0.001821 -0.007666 0.011341 -0.012435 0.020920 -0.004736 0.002565 -0.004216 0.000309 0.001089 0.007937 0.011724 -0.015357 0.005637 0.004392 0.000997 0.004926 -0.017619 -0.000166 -0.005048 0.015248
9 0.003157 0.000515 0.002761 -0.009434 0.000602 -0.008673 0.004120 -0.011944 0.019728 0.000315 -0.004867 -0.007502 -0.008396 0.003837 0.005449 -0.002658 -0.006516 0.008091 0.002918 -0.005795 0.006342 -0.002339 0.003975 0.001369 0.004945
9 0.010573 -0.009290 0.004937 -0.006357 0.004679 -0.003697 0.001211 -0.007271 0.018575 0.001995 -0.010193 -0.013570 -0.008185 0.007180 0.002683 -0.007040 -0.000721 0.010896 0.001696 -0.010171 0.002644 -0.003846 0.007250 0.006331 -0.000309
9 -0.001590 -0.002919 0.004686 -0.012706 -0.003082 -0.008267 0.008682 -0.012113 0.026437 -0.003949 -0.004310 -0.005760 -0.001505 0.003335 0.009349 0.006100 -0.012707 0.012729 0.004274 -0.004074 0.004883 -0.012247 -0.001996 -0.003023 0.009772
9 0.008757 -0.007459 0.000155 -0.009820 0.003918 -0.010784 0.007129 -0.010941 0.022923 0.001915 -0.005640 -0.012089 -0.007283 0.005155 0.001129 -0.005720 -0.005127 0.010143 0.004855 -0.005044 0.006230 -0.008720 0.007965 0.005875 0.002478
25 -0.001403 -0.003532 0.003294 -0.009647 -0.001190 -0.007295 0.006200 -0.007538 0.014736 -0.001799 -0.000778 0.000120 0.006314 -0.000830 0.005301 0.005851 -0.011243 0.005152 0.002000 -0.000296 0.002649 -0.013230 -0.001442 -0.006497 0.015101
9 -0.014087 0.003239 0.002271 -0.014952 -0.006719 -0.004482 0.012457 -0.012049 0.029922 -0.008817 -0.000078 -0.001157 0.001132 -0.004190 0.014514 0.017413 -0.018213 0.010292 0.005439 0.001439 0.005092 -0.016803 -0.006429 -0.013805 0.018570
9 -0.008078 0.005033 0.001490 -0.017328 -0.002609 -0.008004 0.010955 -0.014408 0.021547 -0.004471 0.000308 -0.001303 -0.000060 0.001564 0.010550 0.015549 -0.019817 0.006259 -0.000379 -0.000107 0.005232 -0.013721 -0.001301 -0.004612 0.017710
9 0.002999 -0.012152 0.003826 -0.013496 -0.000751 -0.006240 0.009576 -0.010084 0.020531 -0.003536 -0.000243 -0.004147 0.000761 0.001824 0.007266 0.004994 -0.010888 0.009703 0.002935 -0.002037 0.003361 -0.015872 0.002453 -0.003126 0.012343
1 0.009921 -0.008409 0.004796 -0.006332 0.002578 -0.009218 0.000007 -0.003720 0.003699 0.002564 -0.005810 0.000712 -0.000267 0.003723 0.000931 -0.009284 -0.001909 0.007605 -0.003401 -0.005239 0.002232 0.004550 0.004748 0.007294 -0.001768
9 0.002659 -0.006071 0.003887 -0.015440 0.000080 -0.012205 0.010524 -0.014151 0.025618 -0.002652 -0.004226 -0.006943 -0.004207 0.005194 0.009422 0.004263 -0.014011 0.013405 0.002503 -0.003601 0.004972 -0.010756 0.002051 0.001412 0.008271
9 -0.013305 0.003403 0.002388 -0.014839 -0.007298 0.001158 0.012447 -0.011706 0.025864 -0.010233 0.000747 -0.003373 0.001416 0.000034 0.012343 0.019473 -0.016072 0.007655 0.004227 -0.000489 0.003215 -0.018063 -0.005271 -0.010439 0.016716
9 -0.007896 0.004719 0.000666 -0.007772 -0.003241 -0.003613 0.006057 -0.006963 0.013717 -0.005458 0.000577 -0.001338 -0.000425 -0.000839 0.007989 0.007020 -0.008889 0.005803 0.003306 0.001171 0.002892 -0.005671 -0.002812 -0.005966 0.006966
9 -0.014812 0.002093 0.001955 -0.012016 -0.006718 0.000248 0.009869 -0.010443 0.028685 -0.009406 0.000584 -0.005610 0.002218 0.000224 0.012669 0.017823 -0.015845 0.010347 0.004218 0.002412 0.003179 -0.019389 -0.006833 -0.013756 0.018305
9 -0.001194 -0.003348 0.003846 -0.006505 -0.002090 -0.003694 0.004833 -0.003914 0.009030 -0.002841 -0.000303 0.002312 0.003543 -0.002753 0.005750 0.004386 -0.007150 0.004542 0.001427 -0.001934 0.001598 -0.007319 -0.001793 -0.003981 0.007553
9 -0.003369 -0.001706 0.001685 -0.005265 -0.002428 -0.004258 0.004786 -0.005926 0.013026 -0.004342 0.001609 -0.002457 0.001899 -0.001001 0.006015 0.001918 -0.005589 0.005876 0.005534 0.001393 0.002402 -0.008341 -0.001728 -0.007842 0.008107
9 0.006057 -0.003808 0.002564 -0.007731 0.001095 -0.009949 0.002751 -0.007067 0.008195 0.000318 -0.002164 -0.002385 0.001769 0.004346 0.000766 -0.006447 -0.004058 0.006191 0.001963 -0.002747 0.003671 -0.003128 0.003634 0.002735 0.003428
9 -0.003676 0.002741 -0.000424 -0.012193 -0.000176 -0.010792 0.008297 -0.010704 0.011864 -0.004515 0.003060 -0.000879 0.003292 0.000077 0.007183 0.003290 -0.011692 0.005490 0.006122 0.003143 0.003695 -0.008574 0.000801 -0.006260 0.010828
16 -0.006642 0.004213 0.001670 -0.011026 -0.003040 -0.002918 0.008003 -0.007637 0.010717 -0.005406 0.000736 0.001249 0.002751 -0.000197 0.007823 0.011891 -0.011958 0.003447 0.002481 -0.000410 0.001455 -0.009120 -0.003100 -0.004593 0.009609
9 -0.001750 -0.005111 0.003548 -0.008670 -0.002618 -0.005158 0.005949 -0.008199 0.023784 -0.002286 -0.003700 -0.004245 0.002468 -0.000899 0.005616 0.003476 -0.008542 0.008784 0.005016 -0.002320 0.004414 -0.013795 -0.001469 -0.008140 0.013846
9 0.002686 -0.007612 0.005383 -0.017955 -0.001755 -0.012177 0.012268 -0.014669 0.027158 -0.003365 -0.004362 -0.003116 -0.000972 0.002184 0.010017 0.005892 -0.015295 0.012699 0.004567 -0.004901 0.005524 -0.013547 0.000858 -0.001809 0.012298
9 0.003943 -0.005623 0.003232 -0.012182 -0.000173 -0.011363 0.007322 -0.011234 0.018989 -0.001603 -0.002450 -0.003822 -0.000704 0.002514 0.005530 -0.001750 -0.008913 0.009621 0.004349 -0.002939 0.005351 -0.008296 0.002901 -0.000972 0.008273
9 0.008609 -0.014290 0.006229 -0.005027 -0.000536 -0.005379 0.002342 -0.004903 0.014934 0.000766 -0.004337 -0.002925 0.003051 0.000815 0.001479 -0.006225 -0.001570 0.007997 0.003361 -0.005415 0.002775 -0.008910 0.002053 -0.002668 0.007774
9 0.006389 -0.007444 0.002794 -0.011321 0.000388 -0.010133 0.005944 -0.009534 0.012609 0.000041 -0.002487 -0.000224 -0.000504 0.001852 0.003490 -0.003563 -0.006450 0.006892 0.003109 -0.002712 0.004136 -0.003543 0.003916 -0.000005 0.006362
9 -0.004551 -0.005319 0.003592 -0.010476 -0.003431 -0.000290 0.008596 -0.007703 0.017700 -0.006168 -0.001505 -0.001311 0.000401 -0.000863 0.010106 0.010151 -0.009919 0.007885 0.002968 -0.001166 0.000676 -0.009669 -0.002308 -0.007558 0.010164
9 0.006297 -0.006609 0.001605 -0.008521 0.001964 -0.009588 0.003808 -0.007151 0.008776 0.001887 -0.002918 -0.000609 -0.001445 0.003142 0.002239 -0.002942 -0.005945 0.006234 0.000057 -0.001256 0.002683 -0.001140 0.003413 0.002630 0.003391
9 0.004431 -0.008945 0.003922 -0.008530 0.000556 -0.007353 0.004895 -0.006583 0.016182 -0.000609 -0.004130 -0.003351 -0.000080 0.001318 0.004799 -0.001127 -0.006497 0.009659 0.002066 -0.003401 0.003009 -0.007507 0.001854 -0.000518 0.005942
9 -0.011903 0.002341 0.001768 -0.017613 -0.005798 -0.007692 0.012894 -0.014588 0.027338 -0.007647 0.002162 -0.000640 0.005629 -0.000828 0.011903 0.017012 -0.020553 0.008094 0.004258 0.003310 0.005264 -0.020409 -0.004835 -0.013386 0.023920
9 0.001162 -0.000816 0.001185 -0.000718 -0.000202 -0.001113 -0.000402 -0.001026 0.003723 0.000178 -0.001477 -0.001354 -0.000299 0.000163 0.000014 -0.002565 0.000530 0.001610 0.000827 -0.001716 0.001441 -0.000692 0.000757 -0.000356 0.001146
9 -0.004351 -0.003267 0.003573 -0.015229 -0.003047 -0.007300 0.011640 -0.012985 0.026387 -0.006418 -0.001133 -0.004999 0.000132 0.001473 0.011482 0.010362 -0.015368 0.011552 0.005020 -0.001532 0.004221 -0.016155 -0.001563 -0.006293 0.013795
9 0.010220 -0.008575 0.003256 -0.007015 0.003442 -0.010955 0.001660 -0.007613 0.013000 0.003757 -0.005218 -0.005347 -0.002592 0.004449 0.000550 -0.008642 -0.003570 0.008041 0.000608 -0.004692 0.004482 -0.003084 0.005832 0.004341 0.003664
9 -0.007887 -0.002870 0.001749 -0.009001 -0.003643 -0.004526 0.008843 -0.005111 0.012808 -0.007493 0.003033 0.002548 0.004859 -0.003554 0.011422 0.011079 -0.011945 0.008463 0.005676 0.004643 -0.000074 -0.011137 -0.006264 -0.010619 0.009000
25 -0.003716 0.002362 0.001556 -0.004891 -0.001850 -0.002119 0.002941 -0.003439 0.007740 -0.001160 0.000590 0.001022 0.002381 -0.002058 0.002494 0.005595 -0.006862 0.000586 -0.001899 -0.001343 0.003163 -0.007495 -0.000692 -0.002124 0.009216
9 0.002036 -0.004838 0.003593 0.000881 0.000222 -0.000468 0.000931 -0.001727 0.012807 -0.001081 -0.003573 -0.008810 -0.000202 0.002026 0.002349 -0.001367 -0.000541 0.007108 0.003540 -0.004471 0.000631 -0.008919 -0.000647 -0.000703 0.001222
9 -0.004331 0.002091 0.001446 -0.008832 -0.001525 -0.003866 0.006711 -0.008277 0.017947 -0.003539 -0.002724 -0.004230 -0.003167 0.000047 0.007624 0.006576 -0.008995 0.006881 0.003498 -0.002042 0.003229 -0.006906 -0.000860 -0.003575 0.006817
9 -0.003835 0.004291 0.003205 -0.017991 -0.002083 -0.010923 0.010913 -0.016568 0.022276 -0.004728 -0.001472 -0.002742 -0.001503 0.002867 0.011506 0.009564 -0.017426 0.008620 0.004880 -0.002829 0.005424 -0.010549 -0.000479 -0.004411 0.013995
9 -0.000508 -0.000748 0.002623 -0.003894 -0.000441 -0.005650 0.000851 -0.004718 0.012574 -0.000031 -0.001232 -0.003625 0.003377 0.000445 0.002048 -0.001111 -0.005535 0.005308 0.001307 -0.001843 0.004090 -0.009373 -0.000011 -0.003419 0.009516
1 0.009662 -0.010980 0.003494 0.000358 0.003369 -0.004742 -0.002097 0.000238 -0.000872 0.002200 -0.003094 -0.001836 0.004869 0.003053 -0.001340 -0.009873 0.002583 0.005041 0.002073 -0.001901 -0.001810 -0.000578 0.002325 0.000918 -0.001060
9 -0.006271 -0.001489 -0.001544 0.000174 -0.003395 0.000391 0.003496 -0.001520 0.008462 -0.004546 0.004913 -0.001877 0.005019 -0.003188 0.001899 0.002356 -0.001333 0.001312 0.006459 0.005685 0.000955 -0.010168 -0.002941 -0.011293 0.008439
9 -0.008782 0.003005 0.000960 -0.018196 -0.003849 -0.007285 0.012997 -0.012459 0.016055 -0.008897 0.000723 0.001996 0.002660 0.001821 0.012972 0.014608 -0.017462 0.009245 0.005305 0.002838 0.001275 -0.008662 -0.004143 -0.006742 0.010015
9 -0.019517 -0.000771 0.000841 -0.004029 -0.008516 0.007926 0.008649 -0.002464 0.022133 -0.012713 0.004861 -0.002471 0.004710 -0.007136 0.014119 0.019697 -0.010074 0.007949 0.007900 0.007067 -0.001008 -0.019340 -0.011183 -0.022006 0.015374
9 -0.001158 -0.001652 0.002075 -0.004559 -0.000949 -0.001841 0.003359 -0.003229 0.009482 -0.001883 -0.001423 -0.001513 0.000441 -0.000750 0.003834 0.003164 -0.004737 0.004232 0.001318 -0.001981 0.001614 -0.006011 -0.000569 -0.001892 0.004628
9 -0.000283 -0.003700 0.000898 -0.013366 0.000949 -0.010200 0.007586 -0.009344 0.014993 -0.001857 -0.000828 -0.000351 -0.001391 0.000446 0.008374 0.004752 -0.012674 0.009246 0.002290 0.001096 0.003494 -0.006847 0.001025 -0.002321 0.008012
9 0.001795 -0.009867 0.005709 -0.013403 -0.001801 -0.008278 0.009743 -0.009449 0.020481 -0.004343 -0.002745 -0.001940 0.001761 0.001304 0.009089 0.004892 -0.012154 0.012285 0.001521 -0.003786 0.003196 -0.012125 0.000234 -0.001014 0.008895
9 0.003404 -0.008098 0.007312 -0.019951 -0.001943 -0.012883 0.011513 -0.016490 0.031028 -0.004503 -0.005815 -0.006133 -0.002437 0.005124 0.011446 0.003523 -0.015461 0.016253 0.003546 -0.007045 0.006848 -0.013418 0.002181 -0.000235 0.012235
9 -0.001928 -0.002025 0.002053 -0.005581 -0.001476 -0.002312 0.004101 -0.004316 0.010598 -0.002315 -0.001330 -0.001034 0.000842 -0.000291 0.004749 0.004360 -0.006013 0.004854 0.001547 -0.000973 0.001350 -0.006134 -0.001356 -0.003268 0.005900
9 0.003162 -0.010921 0.003181 -0.008937 -0.001587 -0.007171 0.006693 -0.006236 0.015954 -0.003312 0.000012 -0.001324 0.002184 -0.001350 0.004921 -0.002417 -0.005226 0.009303 0.005155 -0.001028 0.003960 -0.009898 0.001788 -0.004140 0.007235
9 -0.006027 -0.004788 0.005347 -0.014048 -0.005405 -0.004257 0.010801 -0.011655 0.026681 -0.008697 -0.001126 -0.004627 0.003528 0.001812 0.012218 0.010692 -0.014056 0.012977 0.006180 -0.001739 0.002964 -0.017612 -0.004154 -0.009434 0.014423
9 -0.002047 -0.004033 0.002944 -0.009746 -0.002748 -0.003457 0.009308 -0.008322 0.021398 -0.004126 -0.001067 -0.004863 0.001247 -0.000227 0.005755 0.008171 -0.009723 0.006301 0.003824 -0.002997 0.003693 -0.016688 -0.000549 -0.003999 0.011948
9 0.005615 -0.004309 0.003076 -0.005970 0.001382 -0.005539 0.003078 -0.008705 0.022751 0.000517 -0.005720 -0.013032 -0.004646 0.004462 0.001098 -0.005530 -0.002238 0.008306 0.004806 -0.007333 0.006019 -0.010821 0.005228 0.001456 0.006047
1 0.012384 -0.010466 0.004048 -0.006004 0.003981 -0.009987 0.000690 -0.004956 0.006869 0.004463 -0.005272 -0.002070 -0.001721 0.003534 -0.000077 -0.009081 -0.002108 0.006706 -0.000775 -0.005418 0.002834 -0.000298 0.005719 0.006338 0.000668
9 -0.023129 0.006421 0.000900 -0.016671 -0.009006 -0.003640 0.015150 -0.013079 0.033412 -0.014475 0.003887 -0.001337 0.001906 -0.005447 0.020908 0.023816 -0.022762 0.013789 0.007055 0.006996 0.004381 -0.019357 -0.010229 -0.020288 0.020800
9 -0.002722 0.000193 0.002032 -0.010191 -0.001758 -0.003649 0.007330 -0.008103 0.012721 -0.004502 -0.000185 -0.001878 0.000844 0.001060 0.007124 0.007306 -0.009350 0.005378 0.004675 -0.001416 0.001678 -0.009129 -0.001201 -0.004015 0.007756
9 0.008159 -0.012137 0.003832 -0.012536 0.001602 -0.012452 0.007283 -0.010675 0.019397 0.000442 -0.003554 -0.003692 0.000863 0.002381 0.004239 -0.003437 -0.008638 0.010217 0.004007 -0.002997 0.004632 -0.010419 0.004353 -0.000927 0.010055
9 0.002782 -0.004584 0.002631 -0.008537 0.000408 -0.008933 0.002969 -0.008142 0.016291 0.000602 -0.004068 -0.003120 -0.001674 0.001962 0.004037 -0.003009 -0.006416 0.008479 0.001294 -0.001923 0.004713 -0.003828 0.002248 -0.001713 0.007531
1 0.011121 -0.006399 0.004298 -0.005880 0.003208 -0.008112 0.000148 -0.006233 0.007474 0.002966 -0.005613 -0.004711 -0.001478 0.005279 -0.000329 -0.009699 -0.000610 0.005845 0.002070 -0.006924 0.002859 -0.000750 0.005537 0.005039 0.000894
9 -0.001343 -0.002795 0.002041 -0.008704 -0.001405 -0.006597 0.005648 -0.006376 0.011009 -0.002483 0.000433 0.000834 0.003225 -0.000406 0.004954 0.003444 -0.008780 0.005326 0.000981 0.000370 0.002855 -0.007770 -0.000234 -0.003391 0.009164
9 0.008823 -0.007835 0.001679 -0.003345 0.003239 -0.009170 0.002755 -0.004114 0.011418 0.002985 -0.004345 -0.005915 -0.005464 0.002695 0.000382 -0.006845 -0.001719 0.007866 0.000294 -0.003970 0.003597 -0.002091 0.004670 0.007616 -0.003205
9 0.001811 -0.004299 0.002539 -0.003875 0.000317 -0.005064 0.001929 -0.002663 0.007634 -0.000636 -0.002730 -0.000963 0.002162 0.000387 0.002835 -0.001718 -0.003354 0.005977 0.001490 -0.001141 0.001027 -0.003145 -0.000118 -0.001300 0.002896
9 0.001082 -0.008549 0.005186 -0.015222 -0.001585 -0.009941 0.009984 -0.012609 0.027067 -0.004110 -0.003518 -0.005121 0.001412 0.001828 0.009420 0.003972 -0.013210 0.013285 0.004907 -0.003447 0.005005 -0.015442 0.000726 -0.004922 0.013802
9 0.007378 -0.010685 0.007763 -0.005633 -0.000458 -0.005016 -0.000567 -0.005686 0.013223 0.000826 -0.006273 -0.002577 0.001079 0.002990 0.003685 -0.006897 -0.002461 0.009811 0.000294 -0.007171 0.002752 -0.002920 0.001744 -0.001140 0.005941
9 0.000176 -0.006351 0.004397 -0.012159 -0.001780 -0.007314 0.007710 -0.009867 0.021367 -0.003900 -0.002835 -0.003936 0.001406 0.001758 0.007872 0.003356 -0.010410 0.011002 0.003922 -0.002828 0.003826 -0.011926 0.000058 -0.004147 0.010604
9 0.001591 -0.003090 0.003802 -0.002051 -0.001662 0.000858 0.000384 -0.002271 0.009339 -0.002106 -0.003373 -0.004763 -0.000464 0.002310 0.001514 -0.002741 0.000917 0.005079 0.001659 -0.005046 0.001715 -0.003560 0.000741 -0.000019 0.001237
9 0.000903 -0.005046 0.003706 -0.012971 -0.000744 -0.007658 0.008806 -0.011589 0.020953 -0.003028 -0.002297 -0.005048 -0.000536 0.002954 0.007860 0.005613 -0.011997 0.009350 0.003414 -0.003190 0.003654 -0.012671 0.000958 -0.002383 0.010986
9 -0.003301 -0.007136 0.006367 -0.011254 -0.005210 -0.001307 0.008720 -0.007605 0.024150 -0.007711 -0.004191 -0.004072 0.005267 0.000848 0.009486 0.007907 -0.009362 0.012513 0.007753 -0.004359 0.001491 -0.016546 -0.004686 -0.008517 0.010755
9 -0.003224 -0.003113 0.002665 -0.009037 -0.002697 -0.003125 0.006978 -0.007656 0.018450 -0.004255 -0.001332 -0.003187 0.000368 -0.000109 0.007252 0.006372 -0.008791 0.007628 0.003880 -0.001394 0.002819 -0.010876 -0.001485 -0.005803 0.009671
9 0.007414 -0.010526 0.003635 -0.007707 0.001141 -0.009235 0.004297 -0.007407 0.017209 0.000655 -0.003342 -0.005403 -0.000529 0.002244 0.002278 -0.005627 -0.004385 0.009062 0.002923 -0.003650 0.004626 -0.008729 0.004109 0.000400 0.006550
1 0.007331 -0.006579 0.002205 -0.001009 0.002727 -0.007178 -0.001210 -0.001487 0.005481 0.004510 -0.002989 -0.001120 0.000299 -0.000684 -0.002107 -0.008120 -0.000164 0.002834 -0.001804 -0.002785 0.003435 -0.001605 0.004147 0.002484 0.003391
16 -0.001378 -0.000417 -0.001943 -0.008549 0.001098 -0.001628 0.006434 -0.006166 0.006237 -0.001372 0.001608 -0.001057 -0.002813 0.000677 0.004052 0.008258 -0.007949 0.000884 0.001270 0.001285 0.000738 -0.005819 0.001877 -0.000806 0.005479
9 0.002652 -0.004191 0.002672 -0.009901 -0.000143 -0.009083 0.006680 -0.008578 0.016122 -0.001675 -0.001747 -0.003797 -0.000663 0.002139 0.004828 0.000626 -0.008267 0.008205 0.003124 -0.002687 0.004272 -0.008992 0.001730 0.000541 0.006132
9 0.000276 -0.001684 0.003371 -0.016057 -0.001086 -0.013478 0.010426 -0.015408 0.029346 -0.004111 -0.004200 -0.008968 -0.001640 0.005357 0.008910 0.002351 -0.013938 0.014670 0.007176 -0.003773 0.006812 -0.013877 0.001039 -0.001419 0.009904
9 -0.003389 -0.000431 0.000022 -0.010177 -0.000771 -0.008824 0.005583 -0.011337 0.021277 -0.000948 -0.001403 -0.005355 0.004386 0.002642 0.003419 0.002978 -0.011278 0.006644 0.003680 0.002209 0.004975 -0.013380 0.000287 -0.008308 0.017497
9 -0.007096 -0.002409 0.006486 -0.017619 -0.005208 -0.005210 0.011908 -0.013514 0.033616 -0.008689 -0.004964 -0.006075 0.001091 0.001290 0.014123 0.012630 -0.016804 0.015146 0.005200 -0.005009 0.004999 -0.018486 -0.003476 -0.008121 0.016190
9 -0.008098 -0.001365 0.004955 -0.018656 -0.004530 -0.008440 0.012464 -0.016030 0.034071 -0.007081 -0.003651 -0.004050 -0.000300 -0.000039 0.015509 0.013668 -0.019739 0.014224 0.005055 -0.001894 0.005622 -0.016515 -0.003623 -0.011075 0.019518
9 0.001937 -0.002656 0.002068 -0.006275 -0.000899 -0.002235 0.004698 -0.005166 0.010125 -0.001958 -0.002254 -0.002895 -0.002485 0.001646 0.003275 0.001614 -0.003319 0.004460 0.003296 -0.003601 0.001784 -0.004420 0.000931 0.000706 0.001625
9 0.003792 -0.001727 0.004551 -0.011884 0.000507 -0.006338 0.004161 -0.011357 0.018961 0.000381 -0.005943 -0.007977 -0.000852 0.007932 0.002723 0.001863 -0.009599 0.007525 -0.001221 -0.007676 0.004889 -0.010532 0.003640 0.003949 0.010231
9 0.001789 -0.008474 0.005695 -0.016811 -0.001458 -0.011537 0.010808 -0.013941 0.027791 -0.004242 -0.003660 -0.005140 0.001665 0.002648 0.010034 0.004150 -0.014615 0.014051 0.005212 -0.004022 0.005292 -0.016079 0.000866 -0.004182 0.014159
9 0.005502 -0.005588 0.003618 -0.011117 0.000597 -0.010306 0.007702 -0.010564 0.017088 -0.002670 -0.002009 -0.006465 0.000459 0.004046 0.004930 -0.002347 -0.007370 0.009481 0.007035 -0.004365 0.003960 -0.010826 0.003081 0.000479 0.005650
9 -0.003129 -0.002963 0.004572 -0.013819 -0.003369 -0.008442 0.008753 -0.012722 0.026142 -0.005585 -0.002534 -0.005255 0.000885 0.002509 0.009988 0.004797 -0.012814 0.012605 0.004653 -0.002468 0.005298 -0.012943 -0.001041 -0.006158 0.013038
1 0.008004 0.000412 -0.000389 0.000116 0.005007 -0.002441 -0.002082 -0.002477 0.004933 0.005820 -0.005287 -0.008069 -0.005794 0.003199 -0.004869 -0.006653 0.002832 -0.000880 0.001055 -0.006124 0.002775 -0.001002 0.006351 0.006510 -0.000947
9 -0.007186 -0.002667 0.004348 -0.013521 -0.006005 -0.000792 0.010581 -0.010225 0.027259 -0.006753 -0.003383 -0.002485 0.003740 -0.001376 0.009805 0.013959 -0.013202 0.008752 0.006851 -0.003057 0.003044 -0.018352 -0.005057 -0.011393 0.017116
16 -0.003061 -0.001972 0.000334 -0.002355 -0.001200 0.002777 0.003302 -0.000994 0.003036 -0.003629 0.001543 -0.001422 0.002261 0.000603 0.002536 0.005225 -0.002996 0.001782 -0.000338 0.000624 -0.001144 -0.005519 -0.000527 -0.001467 0.002598
9 0.009173 -0.010188 0.002117 -0.005010 0.002557 -0.014465 0.001012 -0.006269 0.011555 0.005328 -0.001572 -0.001129 0.001474 0.001135 -0.001050 -0.009328 -0.004497 0.006085 0.000035 0.000237 0.005521 -0.005440 0.003988 0.000063 0.008667
9 -0.011252 0.001424 0.001525 -0.008289 -0.006727 -0.000088 0.008126 -0.007893 0.023657 -0.006999 0.001960 -0.003044 0.000702 -0.002489 0.009269 0.013280 -0.011214 0.006707 0.005088 0.001561 0.004117 -0.016360 -0.005901 -0.012005 0.014846
9 0.001235 -0.007484 0.004157 -0.013980 -0.000850 -0.007279 0.008564 -0.011365 0.022539 -0.003380 -0.002276 -0.004928 0.001685 0.002034 0.007430 0.004226 -0.011604 0.009930 0.003932 -0.003184 0.004265 -0.015052 0.001854 -0.004506 0.014038
9 0.005437 -0.008440 0.005120 -0.010864 0.000532 -0.008405 0.005275 -0.011292 0.025980 0.000107 -0.006431 -0.008841 -0.002418 0.003500 0.004930 -0.002357 -0.007698 0.011254 0.003352 -0.006583 0.005925 -0.011692 0.003848 -0.001452 0.011211
9 0.003187 -0.001282 -0.000049 -0.009826 0.003013 -0.011683 0.005345 -0.012910 0.022915 0.001517 -0.003788 -0.009870 -0.008261 0.003110 0.005010 -0.003050 -0.007986 0.008649 0.004790 -0.001835 0.006721 -0.005889 0.005311 -0.001171 0.008032
9 -0.002039 -0.006359 0.003493 -0.007549 -0.002121 -0.000574 0.006871 -0.005341 0.018331 -0.003617 -0.002345 -0.003674 0.003131 -0.001046 0.005973 0.008212 -0.008090 0.006618 0.003959 -0.002424 0.001164 -0.015305 -0.002111 -0.006491 0.011337
9 -0.002731 -0.003120 0.002464 -0.011958 -0.001040 -0.007131 0.006887 -0.010281 0.020950 -0.003227 -0.001757 -0.003943 0.000931 0.000928 0.007877 0.004938 -0.011607 0.009021 0.002818 -0.000265 0.004175 -0.011491 0.000311 -0.006532 0.013783
9 -0.000130 -0.006678 0.002784 -0.018186 -0.000344 -0.015129 0.011987 -0.014225 0.024525 -0.003784 -0.001440 -0.001182 0.000088 0.000203 0.011531 0.005049 -0.016875 0.013217 0.004461 0.000797 0.005432 -0.011479 0.001048 -0.005157 0.013486
9 -0.001138 -0.000511 0.000361 0.000366 0.000265 0.003380 0.000581 0.000060 0.006999 -0.000750 -0.001921 -0.004794 -0.000720 -0.001023 0.000909 0.002555 0.000455 0.000823 0.003915 -0.001731 -0.000211 -0.006521 -0.000679 -0.003661 0.002992
9 -0.003673 -0.003224 0.004447 -0.003956 -0.002554 0.005131 0.003550 -0.000898 0.010708 -0.003992 -0.004757 -0.000840 0.001422 -0.002085 0.006669 0.009038 -0.004408 0.005017 0.001804 -0.004388 -0.001812 -0.006673 -0.004065 -0.005037 0.004577
9 0.008164 -0.009315 0.005028 -0.018427 0.000861 -0.016102 0.010366 -0.015848 0.026506 -0.001206 -0.005573 -0.006128 -0.002289 0.005636 0.007243 -0.002299 -0.012772 0.014557 0.005109 -0.006062 0.007033 -0.011043 0.004935 0.002462 0.009166
9 0.003294 -0.003859 0.002973 -0.011809 0.000386 -0.008301 0.006379 -0.009392 0.013106 -0.001087 -0.003144 -0.001862 0.000349 0.003462 0.004727 0.001758 -0.009125 0.006980 0.001781 -0.003184 0.002916 -0.006267 0.002109 0.000843 0.006966
9 -0.003543 -0.004299 0.004417 -0.016892 -0.002937 -0.008286 0.011203 -0.014315 0.028740 -0.005170 -0.002844 -0.004368 0.001617 0.001474 0.010880 0.009773 -0.016360 0.011380 0.004132 -0.002209 0.005004 -0.016882 -0.000928 -0.007789 0.018203
9 -0.000563 -0.006968 0.004419 -0.010846 -0.002696 -0.004574 0.008198 -0.008683 0.023033 -0.003998 -0.002412 -0.004680 -0.000433 0.000657 0.007503 0.005870 -0.009782 0.009893 0.002775 -0.003690 0.004162 -0.014145 -0.000245 -0.003396 0.010604
9 0.001727 -0.004251 0.005570 -0.015866 -0.001852 -0.012028 0.008550 -0.012694 0.022087 -0.002941 -0.002875 -0.002003 0.001688 0.002454 0.008110 0.002941 -0.013714 0.011112 0.002758 -0.004650 0.006198 -0.012214 0.000869 -0.001526 0.012548
9 0.002744 -0.007441 0.004410 -0.014583 -0.000384 -0.010540 0.008984 -0.011874 0.022585 -0.003079 -0.003396 -0.004309 -0.000115 0.002386 0.008414 0.002083 -0.011737 0.012053 0.004536 -0.003433 0.004585 -0.011558 0.001787 -0.002388 0.010272
9 0.005801 -0.002022 0.001045 -0.006972 0.001561 -0.010572 0.002218 -0.006468 0.005981 0.001958 -0.001518 -0.000257 -0.001192 0.002554 0.000491 -0.005940 -0.003847 0.004129 0.001303 -0.001473 0.004134 0.000202 0.003619 0.003086 0.002178
9 0.000586 -0.007353 0.005028 -0.009288 -0.001757 -0.005797 0.005306 -0.008361 0.021955 -0.002314 -0.003292 -0.004604 0.001698 0.000695 0.006508 0.002099 -0.008687 0.010028 0.003050 -0.003483 0.004159 -0.012977 -0.000138 -0.005555 0.012492
9 0.003530 -0.008027 0.003350 -0.012331 -0.000244 -0.010320 0.007420 -0.008035 0.011046 -0.001303 -0.000755 0.003062 0.004799 0.000073 0.005298 0.002252 -0.010527 0.006794 0.002215 -0.000469 0.002440 -0.008435 0.000696 -0.002549 0.010019
9 0.005770 -0.005388 0.003662 -0.020525 0.000634 -0.020866 0.011544 -0.017172 0.021241 -0.002375 -0.001152 -0.001504 -0.000826 0.004675 0.009289 -0.001121 -0.016031 0.013123 0.005288 -0.001530 0.007243 -0.008700 0.003743 0.000836 0.010142
1 0.008975 -0.007370 0.004077 -0.005767 0.001689 -0.010079 0.001519 -0.003371 0.003325 0.002209 -0.004459 0.002598 0.000426 0.001582 0.001541 -0.007074 -0.002483 0.006530 0.000252 -0.003787 0.001720 0.002978 0.002114 0.004789 -0.001934
9 -0.008438 -0.000827 0.002875 -0.009985 -0.004771 -0.002127 0.008403 -0.007857 0.021204 -0.006618 0.000720 -0.002097 0.002577 -0.002172 0.009574 0.011574 -0.011990 0.007374 0.003379 0.000296 0.003288 -0.015314 -0.003966 -0.009732 0.014632
9 0.002380 -0.003293 0.002962 -0.008919 -0.000663 -0.007483 0.005914 -0.007558 0.012806 -0.001959 -0.001597 -0.002117 -0.000516 0.001694 0.004938 0.000946 -0.007015 0.006856 0.003499 -0.002840 0.003166 -0.006636 0.000763 -0.000047 0.004719
9 -0.000035 -0.003879 0.003632 -0.009262 -0.001104 -0.004536 0.006184 -0.008387 0.019235 -0.002483 -0.003774 -0.004904 -0.001801 0.001468 0.006660 0.004117 -0.008239 0.008248 0.002615 -0.003772 0.003173 -0.009159 0.000302 -0.002574 0.008276
1 0.009383 -0.011704 0.003270 -0.007234 0.002320 -0.009086 0.002849 -0.004895 0.004619 0.001018 -0.003200 0.001532 -0.000573 0.001695 0.003039 -0.007716 -0.002245 0.007583 0.001197 -0.001713 0.000984 0.003134 0.004111 0.001997 -0.000367
9 0.005080 -0.010137 0.004979 -0.014965 -0.000189 -0.014026 0.009474 -0.012493 0.024514 -0.002873 -0.003155 -0.004896 -0.000092 0.002733 0.008123 -0.001854 -0.011627 0.014720 0.004427 -0.003808 0.006157 -0.011822 0.003127 -0.000297 0.008897
9 0.002184 -0.006605 0.003589 -0.010036 -0.001139 -0.007455 0.005769 -0.006386 0.010699 -0.003211 -0.000592 0.000944 0.004249 0.000559 0.006108 0.001187 -0.007352 0.007867 0.006213 -0.000521 0.001416 -0.008301 -0.001268 -0.004947 0.007028
9 -0.000480 -0.001439 0.002292 -0.009496 -0.000689 -0.005112 0.006978 -0.007538 0.015846 -0.002649 -0.001617 -0.003816 0.001294 0.000437 0.004612 0.004813 -0.008529 0.005321 0.003669 -0.003037 0.003376 -0.012145 0.000737 -0.002115 0.009287
9 -0.005638 -0.001712 0.005698 -0.017886 -0.005148 -0.007298 0.011119 -0.013342 0.025131 -0.006998 -0.002746 -0.000274 0.004317 0.001078 0.011553 0.011185 -0.016850 0.010940 0.002907 -0.003027 0.004562 -0.014432 -0.002884 -0.007367 0.017113
9 -0.000919 -0.003273 0.003735 -0.009960 0.000866 -0.004540 0.005497 -0.009949 0.020138 -0.002553 -0.005617 -0.008752 -0.001660 0.005976 0.008189 0.005547 -0.010915 0.011164 -0.000055 -0.003478 0.001438 -0.008780 0.000682 -0.000925 0.008143
16 -0.006983 -0.002360 0.002244 -0.006888 -0.003535 0.001392 0.009045 -0.004232 0.013838 -0.005787 0.001878 -0.000692 0.001573 -0.002821 0.008503 0.015965 -0.010765 0.003395 0.001140 0.000424 -0.000190 -0.014883 -0.004539 -0.006092 0.010370
9 -0.000226 -0.000564 0.000579 -0.013106 0.000506 -0.011433 0.006447 -0.011938 0.015348 -0.001495 -0.000073 -0.002938 -0.001034 0.003743 0.005032 0.000362 -0.011344 0.007175 -0.001271 0.000585 0.005972 -0.005443 0.004468 0.000176 0.010471
18 0.010110 -0.009407 0.005096 -0.014764 0.002983 -0.018175 0.005521 -0.012493 0.012449 0.001048 -0.004078 -0.000705 -0.002154 0.006701 0.006853 -0.006678 -0.010769 0.012862 -0.001222 -0.002833 0.004337 0.000872 0.005193 0.005667 0.003587
9 0.005814 -0.011079 0.005999 -0.009475 -0.000017 -0.010304 0.004235 -0.007696 0.018735 0.000219 -0.004171 -0.001535 0.005744 -0.000820 0.004039 -0.003731 -0.007061 0.008904 0.004588 -0.003486 0.004206 -0.012183 0.001244 -0.006441 0.014272
9 -0.003060 -0.005066 0.001064 -0.005054 -0.001636 -0.004711 0.006458 -0.004427 0.015833 -0.004134 0.001563 -0.003641 0.004265 -0.002109 0.005335 0.003765 -0.006935 0.007335 0.006213 0.002141 0.002056 -0.014415 -0.002181 -0.007673 0.009015
9 -0.009181 0.005302 0.002304 -0.009181 -0.003519 0.001240 0.005017 -0.007995 0.016371 -0.005902 -0.001285 -0.004272 0.001824 0.001847 0.008188 0.011403 -0.010420 0.005362 0.002930 -0.001435 0.001721 -0.011114 -0.003550 -0.008028 0.012371
1 0.022430 -0.017551 0.008544 -0.014168 0.005438 -0.015081 0.002503 -0.007406 0.000333 0.004337 -0.008977 0.002411 0.000696 0.009574 0.000009 -0.014406 -0.003273 0.010725 -0.004110 -0.010984 0.001602 0.006214 0.009819 0.016855 -0.005531
1 0.005026 -0.005634 0.002437 -0.001270 0.001229 -0.003979 -0.000468 -0.000202 0.001256 0.000367 -0.002056 -0.000275 0.004094 0.000623 -0.000371 -0.006613 0.000913 0.004145 0.002409 -0.001905 0.000197 -0.001191 0.001313 0.000162 -0.000208
9 -0.011146 -0.000184 0.001516 -0.008415 -0.005178 -0.003673 0.009104 -0.008443 0.022809 -0.007788 0.002297 -0.003595 0.006401 -0.001708 0.009889 0.011683 -0.013150 0.008907 0.006370 0.003927 0.002429 -0.018283 -0.006223 -0.013817 0.016271
9 -0.003058 -0.005501 0.005414 -0.015197 -0.003188 -0.007331 0.009245 -0.012507 0.028435 -0.005426 -0.002554 -0.005161 0.001049 0.001358 0.010711 0.007392 -0.014261 0.012393 0.003158 -0.002924 0.005539 -0.016670 -0.000643 -0.007152 0.016879
9 -0.006217 0.001827 0.002186 -0.012335 -0.001704 -0.001275 0.008169 -0.008901 0.018325 -0.004908 -0.002698 -0.003718 0.001280 0.000878 0.008444 0.012724 -0.012688 0.006000 0.002717 -0.002334 0.001765 -0.012988 -0.001674 -0.005487 0.012611
9 0.006530 -0.009465 0.004126 -0.011135 0.000264 -0.011228 0.005606 -0.010443 0.021998 -0.000728 -0.004514 -0.006016 0.001564 0.002791 0.003399 -0.006413 -0.005865 0.010934 0.006661 -0.003799 0.005671 -0.010604 0.003705 -0.003209 0.010171
9 0.002393 -0.008510 0.003980 -0.012765 -0.000532 -0.009027 0.008547 -0.010104 0.020872 -0.002249 -0.001904 -0.003351 0.001436 0.001071 0.006755 0.003591 -0.011453 0.009649 0.002752 -0.002564 0.004327 -0.014003 0.001576 -0.002757 0.012268
9 0.005862 0.001192 0.000948 -0.009200 0.001534 -0.014727 0.002394 -0.010112 0.009525 0.002606 -0.001221 -0.002132 -0.001477 0.004765 -0.000402 -0.008054 -0.005857 0.004400 0.000270 -0.001897 0.007214 -0.000926 0.005392 0.004518 0.005386
25 -0.004583 0.002010 0.004926 -0.014239 -0.003780 -0.004516 0.007338 -0.009416 0.014469 -0.004765 -0.000053 0.002650 0.004939 -0.001212 0.008613 0.011135 -0.013615 0.003874 0.003013 -0.003194 0.003471 -0.013374 -0.002894 -0.007363 0.016566
9 -0.011133 0.003652 0.001185 -0.014411 -0.005879 -0.006604 0.011390 -0.014146 0.028490 -0.007865 0.002337 -0.004446 0.001741 -0.000282 0.011266 0.012837 -0.016345 0.008879 0.007564 0.002283 0.006105 -0.018712 -0.004275 -0.012906 0.019274
9 -0.001463 -0.006952 0.003435 -0.013134 -0.000915 -0.006724 0.008533 -0.011268 0.025693 -0.003923 -0.003258 -0.005985 0.001021 0.001074 0.009406 0.005803 -0.012112 0.011537 0.005885 -0.001170 0.003410 -0.014949 -0.000197 -0.008535 0.014788
9 0.001275 -0.008773 0.004784 -0.008673 -0.001982 -0.007302 0.005586 -0.007628 0.018012 -0.004731 -0.002963 -0.003697 0.002088 0.002113 0.007802 -0.002405 -0.006050 0.013155 0.005413 -0.001458 0.002312 -0.006626 -0.000594 -0.005073 0.005415
9 0.004798 -0.004418 0.001343 -0.009377 0.004357 -0.012432 0.002608 -0.008771 0.017783 0.002983 -0.005536 -0.005155 -0.002037 0.000326 0.003277 -0.006125 -0.006935 0.008277 0.002152 -0.001747 0.005730 -0.004584 0.005628 -0.001974 0.009828
9 -0.003085 0.000167 0.003897 -0.012913 -0.002779 -0.005570 0.008870 -0.011766 0.023779 -0.004558 -0.003607 -0.005993 -0.000211 0.003083 0.007959 0.007926 -0.012315 0.009112 0.003367 -0.004605 0.004479 -0.013275 -0.000707 -0.002807 0.011551
9 -0.003081 -0.003952 0.004329 -0.013055 -0.003062 -0.005546 0.008735 -0.010541 0.022711 -0.004614 -0.002272 -0.002900 0.001701 0.000782 0.009136 0.008521 -0.012908 0.009538 0.003184 -0.002503 0.003729 -0.013991 -0.001674 -0.006170 0.013906
9 0.000469 -0.005783 0.004040 -0.009224 -0.001637 -0.004630 0.005743 -0.006824 0.014820 -0.003407 -0.001821 -0.001969 0.003124 0.000733 0.005922 0.002799 -0.007501 0.007720 0.003910 -0.002440 0.002162 -0.010259 -0.000484 -0.004515 0.009050
9 -0.002146 -0.001604 0.002504 -0.009424 -0.002123 -0.004161 0.006844 -0.008208 0.015664 -0.003566 -0.001016 -0.002791 -0.000552 0.001422 0.006530 0.006138 -0.009106 0.006473 0.002136 -0.001836 0.002865 -0.008894 -0.000582 -0.002686 0.008119
25 0.005329 -0.009298 0.002485 -0.005972 0.000665 -0.012741 0.002060 -0.005743 0.010217 0.001088 0.002483 0.000339 0.006320 -0.001064 0.001130 -0.007491 -0.004881 0.005429 0.003683 0.002555 0.004854 -0.010007 0.002171 -0.006306 0.012693
9 0.003288 -0.007610 0.002813 -0.006634 -0.000316 -0.009151 0.004278 -0.007642 0.019574 0.000016 -0.001767 -0.004242 -0.002167 -0.001050 0.004187 -0.004125 -0.005241 0.008577 0.003274 -0.001742 0.005997 -0.008024 0.002567 -0.003558 0.008696
9 -0.003613 0.004429 0.001218 -0.016649 -0.001024 -0.012534 0.010325 -0.014782 0.017107 -0.004535 0.001567 -0.001927 0.000732 0.003053 0.009468 0.007614 -0.016637 0.007505 0.004515 0.000266 0.005146 -0.010704 0.000260 -0.003208 0.012409
9 -0.003612 -0.004575 0.001935 -0.013076 -0.003559 -0.005705 0.010523 -0.010370 0.019951 -0.004752 0.001114 -0.000295 -0.000412 -0.000861 0.008910 0.010031 -0.012731 0.007155 0.003308 0.000800 0.003748 -0.012451 -0.001426 -0.006438 0.012787
9 0.003954 -0.002365 0.003405 -0.010265 -0.000209 -0.010025 0.007100 -0.012077 0.022156 -0.001179 -0.004491 -0.008191 -0.007191 0.004555 0.005889 -0.001136 -0.007544 0.009841 0.003623 -0.005668 0.005930 -0.006036 0.003079 0.002909 0.003933
9 -0.003508 -0.004376 0.006283 -0.021170 -0.003000 -0.011195 0.012857 -0.016306 0.030967 -0.007170 -0.004182 -0.003331 0.001844 0.001651 0.015008 0.009885 -0.019367 0.015759 0.005845 -0.003581 0.005213 -0.016017 -0.001511 -0.007864 0.017266
9 0.010369 -0.006438 0.002900 -0.010000 0.003592 -0.015268 0.003735 -0.012085 0.022594 0.002621 -0.008142 -0.010885 -0.008075 0.007396 0.002727 -0.011930 -0.004562 0.014002 0.003377 -0.006234 0.007331 -0.001345 0.007339 0.006887 0.000094
9 -0.003981 -0.002464 0.002463 -0.007721 -0.003071 -0.002635 0.005887 -0.005812 0.013783 -0.004625 0.000203 -0.001195 0.003062 -0.000111 0.006352 0.006387 -0.008005 0.006149 0.003274 0.000247 0.001724 -0.010294 -0.002620 -0.006350 0.009353
9 -0.003543 -0.003398 0.003291 -0.012772 -0.002709 -0.007170 0.009038 -0.009783 0.019259 -0.005358 -0.000555 -0.001570 0.003310 0.000708 0.009301 0.007833 -0.012955 0.009672 0.004337 -0.000093 0.002869 -0.012949 -0.002334 -0.006462 0.012034
9 0.001248 -0.006579 0.003171 -0.012859 -0.002757 -0.009743 0.008042 -0.010565 0.018686 -0.002130 0.001474 -0.000001 0.002570 0.000021 0.004722 0.002613 -0.010858 0.006327 0.001976 -0.000811 0.006458 -0.013628 0.001576 -0.004164 0.015211
9 -0.010511 0.001236 0.003058 -0.011685 -0.006083 0.000252 0.009096 -0.008742 0.022506 -0.006726 -0.000817 -0.000424 0.003851 -0.002989 0.009164 0.014840 -0.013152 0.005232 0.002461 -0.000884 0.003400 -0.015623 -0.004452 -0.011345 0.018338
9 -0.013203 0.003971 0.002590 -0.022495 -0.005232 -0.009214 0.017143 -0.017362 0.027951 -0.012352 0.000010 -0.001472 -0.001793 0.002027 0.020675 0.020493 -0.023799 0.015094 0.005782 0.002643 0.002611 -0.011930 -0.005933 -0.009255 0.013050
9 0.003594 -0.005636 0.002821 -0.011570 0.000806 -0.009434 0.006945 -0.008923 0.014497 -0.000290 -0.002508 -0.001119 0.000237 0.001241 0.005225 0.002525 -0.010123 0.007094 0.002054 -0.002445 0.003352 -0.008347 0.001836 -0.000305 0.008472
9 -0.005225 -0.008070 0.004305 -0.009807 -0.005935 -0.000311 0.008952 -0.007186 0.022881 -0.007180 0.000543 -0.001969 0.005533 -0.002775 0.007679 0.008175 -0.008947 0.008056 0.004844 -0.000989 0.003257 -0.018072 -0.002658 -0.011248 0.016146
9 -0.000992 -0.006977 0.004127 -0.012240 -0.001635 -0.005833 0.008638 -0.008853 0.020325 -0.004078 -0.002351 -0.002345 0.002228 -0.000294 0.008280 0.006270 -0.011365 0.009442 0.002497 -0.002246 0.003029 -0.012887 -0.000030 -0.004960 0.012247
9 -0.006418 0.003251 0.000467 -0.014242 -0.001857 -0.006364 0.010830 -0.010782 0.015516 -0.005875 0.002400 -0.001502 0.003516 0.000550 0.008494 0.012554 -0.015394 0.005105 0.004526 0.000971 0.002902 -0.015161 -0.001468 -0.005329 0.013310
